JET
         0         0    0.5156
         0         0    0.5313
         0         0    0.5469
         0         0    0.5625
         0         0    0.5781
         0         0    0.5938
         0         0    0.6094
         0         0    0.6250
         0         0    0.6406
         0         0    0.6563
         0         0    0.6719
         0         0    0.6875
         0         0    0.7031
         0         0    0.7188
         0         0    0.7344
         0         0    0.7500
         0         0    0.7656
         0         0    0.7813
         0         0    0.7969
         0         0    0.8125
         0         0    0.8281
         0         0    0.8438
         0         0    0.8594
         0         0    0.8750
         0         0    0.8906
         0         0    0.9063
         0         0    0.9219
         0         0    0.9375
         0         0    0.9531
         0         0    0.9688
         0         0    0.9844
         0         0    1.0000
         0    0.0156    1.0000
         0    0.0313    1.0000
         0    0.0469    1.0000
         0    0.0625    1.0000
         0    0.0781    1.0000
         0    0.0938    1.0000
         0    0.1094    1.0000
         0    0.1250    1.0000
         0    0.1406    1.0000
         0    0.1563    1.0000
         0    0.1719    1.0000
         0    0.1875    1.0000
         0    0.2031    1.0000
         0    0.2188    1.0000
         0    0.2344    1.0000
         0    0.2500    1.0000
         0    0.2656    1.0000
         0    0.2813    1.0000
         0    0.2969    1.0000
         0    0.3125    1.0000
         0    0.3281    1.0000
         0    0.3438    1.0000
         0    0.3594    1.0000
         0    0.3750    1.0000
         0    0.3906    1.0000
         0    0.4063    1.0000
         0    0.4219    1.0000
         0    0.4375    1.0000
         0    0.4531    1.0000
         0    0.4688    1.0000
         0    0.4844    1.0000
         0    0.5000    1.0000
         0    0.5156    1.0000
         0    0.5313    1.0000
         0    0.5469    1.0000
         0    0.5625    1.0000
         0    0.5781    1.0000
         0    0.5938    1.0000
         0    0.6094    1.0000
         0    0.6250    1.0000
         0    0.6406    1.0000
         0    0.6563    1.0000
         0    0.6719    1.0000
         0    0.6875    1.0000
         0    0.7031    1.0000
         0    0.7188    1.0000
         0    0.7344    1.0000
         0    0.7500    1.0000
         0    0.7656    1.0000
         0    0.7813    1.0000
         0    0.7969    1.0000
         0    0.8125    1.0000
         0    0.8281    1.0000
         0    0.8438    1.0000
         0    0.8594    1.0000
         0    0.8750    1.0000
         0    0.8906    1.0000
         0    0.9063    1.0000
         0    0.9219    1.0000
         0    0.9375    1.0000
         0    0.9531    1.0000
         0    0.9688    1.0000
         0    0.9844    1.0000
         0    1.0000    1.0000
    0.0156    1.0000    0.9844
    0.0313    1.0000    0.9688
    0.0469    1.0000    0.9531
    0.0625    1.0000    0.9375
    0.0781    1.0000    0.9219
    0.0938    1.0000    0.9063
    0.1094    1.0000    0.8906
    0.1250    1.0000    0.8750
    0.1406    1.0000    0.8594
    0.1563    1.0000    0.8438
    0.1719    1.0000    0.8281
    0.1875    1.0000    0.8125
    0.2031    1.0000    0.7969
    0.2188    1.0000    0.7813
    0.2344    1.0000    0.7656
    0.2500    1.0000    0.7500
    0.2656    1.0000    0.7344
    0.2813    1.0000    0.7188
    0.2969    1.0000    0.7031
    0.3125    1.0000    0.6875
    0.3281    1.0000    0.6719
    0.3438    1.0000    0.6563
    0.3594    1.0000    0.6406
    0.3750    1.0000    0.6250
    0.3906    1.0000    0.6094
    0.4063    1.0000    0.5938
    0.4219    1.0000    0.5781
    0.4375    1.0000    0.5625
    0.4531    1.0000    0.5469
    0.4688    1.0000    0.5313
    0.4844    1.0000    0.5156
    0.5000    1.0000    0.5000
    0.5156    1.0000    0.4844
    0.5313    1.0000    0.4688
    0.5469    1.0000    0.4531
    0.5625    1.0000    0.4375
    0.5781    1.0000    0.4219
    0.5938    1.0000    0.4063
    0.6094    1.0000    0.3906
    0.6250    1.0000    0.3750
    0.6406    1.0000    0.3594
    0.6563    1.0000    0.3438
    0.6719    1.0000    0.3281
    0.6875    1.0000    0.3125
    0.7031    1.0000    0.2969
    0.7188    1.0000    0.2813
    0.7344    1.0000    0.2656
    0.7500    1.0000    0.2500
    0.7656    1.0000    0.2344
    0.7813    1.0000    0.2188
    0.7969    1.0000    0.2031
    0.8125    1.0000    0.1875
    0.8281    1.0000    0.1719
    0.8438    1.0000    0.1563
    0.8594    1.0000    0.1406
    0.8750    1.0000    0.1250
    0.8906    1.0000    0.1094
    0.9063    1.0000    0.0938
    0.9219    1.0000    0.0781
    0.9375    1.0000    0.0625
    0.9531    1.0000    0.0469
    0.9688    1.0000    0.0313
    0.9844    1.0000    0.0156
    1.0000    1.0000         0
    1.0000    0.9844         0
    1.0000    0.9688         0
    1.0000    0.9531         0
    1.0000    0.9375         0
    1.0000    0.9219         0
    1.0000    0.9063         0
    1.0000    0.8906         0
    1.0000    0.8750         0
    1.0000    0.8594         0
    1.0000    0.8438         0
    1.0000    0.8281         0
    1.0000    0.8125         0
    1.0000    0.7969         0
    1.0000    0.7813         0
    1.0000    0.7656         0
    1.0000    0.7500         0
    1.0000    0.7344         0
    1.0000    0.7188         0
    1.0000    0.7031         0
    1.0000    0.6875         0
    1.0000    0.6719         0
    1.0000    0.6563         0
    1.0000    0.6406         0
    1.0000    0.6250         0
    1.0000    0.6094         0
    1.0000    0.5938         0
    1.0000    0.5781         0
    1.0000    0.5625         0
    1.0000    0.5469         0
    1.0000    0.5313         0
    1.0000    0.5156         0
    1.0000    0.5000         0
    1.0000    0.4844         0
    1.0000    0.4688         0
    1.0000    0.4531         0
    1.0000    0.4375         0
    1.0000    0.4219         0
    1.0000    0.4063         0
    1.0000    0.3906         0
    1.0000    0.3750         0
    1.0000    0.3594         0
    1.0000    0.3438         0
    1.0000    0.3281         0
    1.0000    0.3125         0
    1.0000    0.2969         0
    1.0000    0.2813         0
    1.0000    0.2656         0
    1.0000    0.2500         0
    1.0000    0.2344         0
    1.0000    0.2188         0
    1.0000    0.2031         0
    1.0000    0.1875         0
    1.0000    0.1719         0
    1.0000    0.1563         0
    1.0000    0.1406         0
    1.0000    0.1250         0
    1.0000    0.1094         0
    1.0000    0.0938         0
    1.0000    0.0781         0
    1.0000    0.0625         0
    1.0000    0.0469         0
    1.0000    0.0313         0
    1.0000    0.0156         0
    1.0000         0         0
    0.9844         0         0
    0.9688         0         0
    0.9531         0         0
    0.9375         0         0
    0.9219         0         0
    0.9063         0         0
    0.8906         0         0
    0.8750         0         0
    0.8594         0         0
    0.8438         0         0
    0.8281         0         0
    0.8125         0         0
    0.7969         0         0
    0.7813         0         0
    0.7656         0         0
    0.7500         0         0
    0.7344         0         0
    0.7188         0         0
    0.7031         0         0
    0.6875         0         0
    0.6719         0         0
    0.6563         0         0
    0.6406         0         0
    0.6250         0         0
    0.6094         0         0
    0.5938         0         0
    0.5781         0         0
    0.5625         0         0
    0.5469         0         0
    0.5313         0         0
    0.5156         0         0
    0.5000         0         0

BONE
    0         0         0.0013
    0.0034    0.0034    0.0060
    0.0069    0.0069    0.0108
    0.0103    0.0103    0.0155
    0.0137    0.0137    0.0202
    0.0172    0.0172    0.0250
    0.0206    0.0206    0.0297
    0.0240    0.0240    0.0344
    0.0275    0.0275    0.0392
    0.0309    0.0309    0.0439
    0.0343    0.0343    0.0486
    0.0377    0.0377    0.0534
    0.0412    0.0412    0.0581
    0.0446    0.0446    0.0628
    0.0480    0.0480    0.0676
    0.0515    0.0515    0.0723
    0.0549    0.0549    0.0770
    0.0583    0.0583    0.0818
    0.0618    0.0618    0.0865
    0.0652    0.0652    0.0912
    0.0686    0.0686    0.0960
    0.0721    0.0721    0.1007
    0.0755    0.0755    0.1054
    0.0789    0.0789    0.1102
    0.0824    0.0824    0.1149
    0.0858    0.0858    0.1196
    0.0892    0.0892    0.1244
    0.0926    0.0926    0.1291
    0.0961    0.0961    0.1338
    0.0995    0.0995    0.1386
    0.1029    0.1029    0.1433
    0.1064    0.1064    0.1480
    0.1098    0.1098    0.1528
    0.1132    0.1132    0.1575
    0.1167    0.1167    0.1622
    0.1201    0.1201    0.1670
    0.1235    0.1235    0.1717
    0.1270    0.1270    0.1764
    0.1304    0.1304    0.1812
    0.1338    0.1338    0.1859
    0.1373    0.1373    0.1906
    0.1407    0.1407    0.1954
    0.1441    0.1441    0.2001
    0.1475    0.1475    0.2048
    0.1510    0.1510    0.2096
    0.1544    0.1544    0.2143
    0.1578    0.1578    0.2190
    0.1613    0.1613    0.2238
    0.1647    0.1647    0.2285
    0.1681    0.1681    0.2332
    0.1716    0.1716    0.2380
    0.1750    0.1750    0.2427
    0.1784    0.1784    0.2474
    0.1819    0.1819    0.2522
    0.1853    0.1853    0.2569
    0.1887    0.1887    0.2616
    0.1922    0.1922    0.2664
    0.1956    0.1956    0.2711
    0.1990    0.1990    0.2758
    0.2025    0.2025    0.2806
    0.2059    0.2059    0.2853
    0.2093    0.2093    0.2900
    0.2127    0.2127    0.2948
    0.2162    0.2162    0.2995
    0.2196    0.2196    0.3042
    0.2230    0.2230    0.3090
    0.2265    0.2265    0.3137
    0.2299    0.2299    0.3184
    0.2333    0.2333    0.3232
    0.2368    0.2368    0.3279
    0.2402    0.2402    0.3326
    0.2436    0.2436    0.3374
    0.2471    0.2471    0.3421
    0.2505    0.2505    0.3468
    0.2539    0.2539    0.3516
    0.2574    0.2574    0.3563
    0.2608    0.2608    0.3610
    0.2642    0.2642    0.3658
    0.2676    0.2676    0.3705
    0.2711    0.2711    0.3752
    0.2745    0.2745    0.3800
    0.2779    0.2779    0.3847
    0.2814    0.2814    0.3894
    0.2848    0.2848    0.3942
    0.2882    0.2882    0.3989
    0.2917    0.2917    0.4036
    0.2951    0.2951    0.4084
    0.2985    0.2985    0.4131
    0.3020    0.3020    0.4178
    0.3054    0.3054    0.4226
    0.3088    0.3088    0.4273
    0.3123    0.3123    0.4320
    0.3157    0.3157    0.4368
    0.3191    0.3191    0.4415
    0.3225    0.3225    0.4462
    0.3260    0.3260    0.4510
    0.3294    0.3307    0.4544
    0.3328    0.3354    0.4578
    0.3363    0.3402    0.4613
    0.3397    0.3449    0.4647
    0.3431    0.3496    0.4681
    0.3466    0.3544    0.4716
    0.3500    0.3591    0.4750
    0.3534    0.3638    0.4784
    0.3569    0.3686    0.4819
    0.3603    0.3733    0.4853
    0.3637    0.3780    0.4887
    0.3672    0.3828    0.4922
    0.3706    0.3875    0.4956
    0.3740    0.3922    0.4990
    0.3775    0.3970    0.5025
    0.3809    0.4017    0.5059
    0.3843    0.4064    0.5093
    0.3877    0.4112    0.5127
    0.3912    0.4159    0.5162
    0.3946    0.4206    0.5196
    0.3980    0.4254    0.5230
    0.4015    0.4301    0.5265
    0.4049    0.4348    0.5299
    0.4083    0.4396    0.5333
    0.4118    0.4443    0.5368
    0.4152    0.4491    0.5402
    0.4186    0.4538    0.5436
    0.4221    0.4585    0.5471
    0.4255    0.4633    0.5505
    0.4289    0.4680    0.5539
    0.4324    0.4727    0.5574
    0.4358    0.4775    0.5608
    0.4392    0.4822    0.5642
    0.4426    0.4869    0.5676
    0.4461    0.4917    0.5711
    0.4495    0.4964    0.5745
    0.4529    0.5011    0.5779
    0.4564    0.5059    0.5814
    0.4598    0.5106    0.5848
    0.4632    0.5153    0.5882
    0.4667    0.5201    0.5917
    0.4701    0.5248    0.5951
    0.4735    0.5295    0.5985
    0.4770    0.5343    0.6020
    0.4804    0.5390    0.6054
    0.4838    0.5437    0.6088
    0.4873    0.5485    0.6123
    0.4907    0.5532    0.6157
    0.4941    0.5579    0.6191
    0.4975    0.5627    0.6225
    0.5010    0.5674    0.6260
    0.5044    0.5721    0.6294
    0.5078    0.5769    0.6328
    0.5113    0.5816    0.6363
    0.5147    0.5863    0.6397
    0.5181    0.5911    0.6431
    0.5216    0.5958    0.6466
    0.5250    0.6005    0.6500
    0.5284    0.6053    0.6534
    0.5319    0.6100    0.6569
    0.5353    0.6147    0.6603
    0.5387    0.6195    0.6637
    0.5422    0.6242    0.6672
    0.5456    0.6289    0.6706
    0.5490    0.6337    0.6740
    0.5525    0.6384    0.6775
    0.5559    0.6431    0.6809
    0.5593    0.6479    0.6843
    0.5627    0.6526    0.6877
    0.5662    0.6573    0.6912
    0.5696    0.6621    0.6946
    0.5730    0.6668    0.6980
    0.5765    0.6715    0.7015
    0.5799    0.6763    0.7049
    0.5833    0.6810    0.7083
    0.5868    0.6857    0.7118
    0.5902    0.6905    0.7152
    0.5936    0.6952    0.7186
    0.5971    0.6999    0.7221
    0.6005    0.7047    0.7255
    0.6039    0.7094    0.7289
    0.6074    0.7141    0.7324
    0.6108    0.7189    0.7358
    0.6142    0.7236    0.7392
    0.6176    0.7283    0.7426
    0.6211    0.7331    0.7461
    0.6245    0.7378    0.7495
    0.6279    0.7425    0.7529
    0.6314    0.7473    0.7564
    0.6348    0.7520    0.7598
    0.6382    0.7567    0.7632
    0.6417    0.7615    0.7667
    0.6451    0.7662    0.7701
    0.6485    0.7709    0.7735
    0.6520    0.7757    0.7770
    0.6554    0.7804    0.7804
    0.6608    0.7838    0.7838
    0.6662    0.7873    0.7873
    0.6715    0.7907    0.7907
    0.6769    0.7941    0.7941
    0.6823    0.7975    0.7975
    0.6877    0.8010    0.8010
    0.6931    0.8044    0.8044
    0.6985    0.8078    0.8078
    0.7039    0.8113    0.8113
    0.7092    0.8147    0.8147
    0.7146    0.8181    0.8181
    0.7200    0.8216    0.8216
    0.7254    0.8250    0.8250
    0.7308    0.8284    0.8284
    0.7362    0.8319    0.8319
    0.7415    0.8353    0.8353
    0.7469    0.8387    0.8387
    0.7523    0.8422    0.8422
    0.7577    0.8456    0.8456
    0.7631    0.8490    0.8490
    0.7685    0.8525    0.8525
    0.7739    0.8559    0.8559
    0.7792    0.8593    0.8593
    0.7846    0.8627    0.8627
    0.7900    0.8662    0.8662
    0.7954    0.8696    0.8696
    0.8008    0.8730    0.8730
    0.8062    0.8765    0.8765
    0.8115    0.8799    0.8799
    0.8169    0.8833    0.8833
    0.8223    0.8868    0.8868
    0.8277    0.8902    0.8902
    0.8331    0.8936    0.8936
    0.8385    0.8971    0.8971
    0.8438    0.9005    0.9005
    0.8492    0.9039    0.9039
    0.8546    0.9074    0.9074
    0.8600    0.9108    0.9108
    0.8654    0.9142    0.9142
    0.8708    0.9176    0.9176
    0.8762    0.9211    0.9211
    0.8815    0.9245    0.9245
    0.8869    0.9279    0.9279
    0.8923    0.9314    0.9314
    0.8977    0.9348    0.9348
    0.9031    0.9382    0.9382
    0.9085    0.9417    0.9417
    0.9138    0.9451    0.9451
    0.9192    0.9485    0.9485
    0.9246    0.9520    0.9520
    0.9300    0.9554    0.9554
    0.9354    0.9588    0.9588
    0.9408    0.9623    0.9623
    0.9462    0.9657    0.9657
    0.9515    0.9691    0.9691
    0.9569    0.9725    0.9725
    0.9623    0.9760    0.9760
    0.9677    0.9794    0.9794
    0.9731    0.9828    0.9828
    0.9785    0.9863    0.9863
    0.9838    0.9897    0.9897
    0.9892    0.9931    0.9931
    0.9946    0.9966    0.9966
    1.0000    1.0000    1.0000

COPPER
         0         0         0
    0.0049    0.0031    0.0020
    0.0098    0.0061    0.0039
    0.0147    0.0092    0.0059
    0.0196    0.0123    0.0078
    0.0245    0.0153    0.0098
    0.0294    0.0184    0.0117
    0.0343    0.0214    0.0137
    0.0392    0.0245    0.0156
    0.0441    0.0276    0.0176
    0.0490    0.0306    0.0195
    0.0539    0.0337    0.0215
    0.0588    0.0368    0.0234
    0.0637    0.0398    0.0254
    0.0686    0.0429    0.0273
    0.0735    0.0460    0.0293
    0.0784    0.0490    0.0312
    0.0833    0.0521    0.0332
    0.0882    0.0551    0.0351
    0.0931    0.0582    0.0371
    0.0980    0.0613    0.0390
    0.1029    0.0643    0.0410
    0.1078    0.0674    0.0429
    0.1127    0.0705    0.0449
    0.1176    0.0735    0.0468
    0.1225    0.0766    0.0488
    0.1275    0.0797    0.0507
    0.1324    0.0827    0.0527
    0.1373    0.0858    0.0546
    0.1422    0.0888    0.0566
    0.1471    0.0919    0.0585
    0.1520    0.0950    0.0605
    0.1569    0.0980    0.0624
    0.1618    0.1011    0.0644
    0.1667    0.1042    0.0663
    0.1716    0.1072    0.0683
    0.1765    0.1103    0.0702
    0.1814    0.1134    0.0722
    0.1863    0.1164    0.0741
    0.1912    0.1195    0.0761
    0.1961    0.1225    0.0780
    0.2010    0.1256    0.0800
    0.2059    0.1287    0.0819
    0.2108    0.1317    0.0839
    0.2157    0.1348    0.0858
    0.2206    0.1379    0.0878
    0.2255    0.1409    0.0897
    0.2304    0.1440    0.0917
    0.2353    0.1470    0.0936
    0.2402    0.1501    0.0956
    0.2451    0.1532    0.0975
    0.2500    0.1562    0.0995
    0.2549    0.1593    0.1015
    0.2598    0.1624    0.1034
    0.2647    0.1654    0.1054
    0.2696    0.1685    0.1073
    0.2745    0.1716    0.1093
    0.2794    0.1746    0.1112
    0.2843    0.1777    0.1132
    0.2892    0.1807    0.1151
    0.2941    0.1838    0.1171
    0.2990    0.1869    0.1190
    0.3039    0.1899    0.1210
    0.3088    0.1930    0.1229
    0.3137    0.1961    0.1249
    0.3186    0.1991    0.1268
    0.3235    0.2022    0.1288
    0.3284    0.2053    0.1307
    0.3333    0.2083    0.1327
    0.3382    0.2114    0.1346
    0.3431    0.2144    0.1366
    0.3480    0.2175    0.1385
    0.3529    0.2206    0.1405
    0.3578    0.2236    0.1424
    0.3627    0.2267    0.1444
    0.3676    0.2298    0.1463
    0.3725    0.2328    0.1483
    0.3775    0.2359    0.1502
    0.3824    0.2390    0.1522
    0.3873    0.2420    0.1541
    0.3922    0.2451    0.1561
    0.3971    0.2481    0.1580
    0.4020    0.2512    0.1600
    0.4069    0.2543    0.1619
    0.4118    0.2573    0.1639
    0.4167    0.2604    0.1658
    0.4216    0.2635    0.1678
    0.4265    0.2665    0.1697
    0.4314    0.2696    0.1717
    0.4363    0.2727    0.1736
    0.4412    0.2757    0.1756
    0.4461    0.2788    0.1775
    0.4510    0.2818    0.1795
    0.4559    0.2849    0.1814
    0.4608    0.2880    0.1834
    0.4657    0.2910    0.1853
    0.4706    0.2941    0.1873
    0.4755    0.2972    0.1892
    0.4804    0.3002    0.1912
    0.4853    0.3033    0.1931
    0.4902    0.3064    0.1951
    0.4951    0.3094    0.1970
    0.5000    0.3125    0.1990
    0.5049    0.3155    0.2010
    0.5098    0.3186    0.2029
    0.5147    0.3217    0.2049
    0.5196    0.3247    0.2068
    0.5245    0.3278    0.2088
    0.5294    0.3309    0.2107
    0.5343    0.3339    0.2127
    0.5392    0.3370    0.2146
    0.5441    0.3401    0.2166
    0.5490    0.3431    0.2185
    0.5539    0.3462    0.2205
    0.5588    0.3492    0.2224
    0.5637    0.3523    0.2244
    0.5686    0.3554    0.2263
    0.5735    0.3584    0.2283
    0.5784    0.3615    0.2302
    0.5833    0.3646    0.2322
    0.5882    0.3676    0.2341
    0.5931    0.3707    0.2361
    0.5980    0.3738    0.2380
    0.6029    0.3768    0.2400
    0.6078    0.3799    0.2419
    0.6127    0.3829    0.2439
    0.6176    0.3860    0.2458
    0.6225    0.3891    0.2478
    0.6275    0.3921    0.2497
    0.6324    0.3952    0.2517
    0.6373    0.3983    0.2536
    0.6422    0.4013    0.2556
    0.6471    0.4044    0.2575
    0.6520    0.4074    0.2595
    0.6569    0.4105    0.2614
    0.6618    0.4136    0.2634
    0.6667    0.4166    0.2653
    0.6716    0.4197    0.2673
    0.6765    0.4228    0.2692
    0.6814    0.4258    0.2712
    0.6863    0.4289    0.2731
    0.6912    0.4320    0.2751
    0.6961    0.4350    0.2770
    0.7010    0.4381    0.2790
    0.7059    0.4411    0.2809
    0.7108    0.4442    0.2829
    0.7157    0.4473    0.2848
    0.7206    0.4503    0.2868
    0.7255    0.4534    0.2887
    0.7304    0.4565    0.2907
    0.7353    0.4595    0.2926
    0.7402    0.4626    0.2946
    0.7451    0.4657    0.2965
    0.7500    0.4687    0.2985
    0.7549    0.4718    0.3005
    0.7598    0.4748    0.3024
    0.7647    0.4779    0.3044
    0.7696    0.4810    0.3063
    0.7745    0.4840    0.3083
    0.7794    0.4871    0.3102
    0.7843    0.4902    0.3122
    0.7892    0.4932    0.3141
    0.7941    0.4963    0.3161
    0.7990    0.4994    0.3180
    0.8039    0.5024    0.3200
    0.8088    0.5055    0.3219
    0.8137    0.5085    0.3239
    0.8186    0.5116    0.3258
    0.8235    0.5147    0.3278
    0.8284    0.5177    0.3297
    0.8333    0.5208    0.3317
    0.8382    0.5239    0.3336
    0.8431    0.5269    0.3356
    0.8480    0.5300    0.3375
    0.8529    0.5331    0.3395
    0.8578    0.5361    0.3414
    0.8627    0.5392    0.3434
    0.8676    0.5422    0.3453
    0.8725    0.5453    0.3473
    0.8775    0.5484    0.3492
    0.8824    0.5514    0.3512
    0.8873    0.5545    0.3531
    0.8922    0.5576    0.3551
    0.8971    0.5606    0.3570
    0.9020    0.5637    0.3590
    0.9069    0.5668    0.3609
    0.9118    0.5698    0.3629
    0.9167    0.5729    0.3648
    0.9216    0.5759    0.3668
    0.9265    0.5790    0.3687
    0.9314    0.5821    0.3707
    0.9363    0.5851    0.3726
    0.9412    0.5882    0.3746
    0.9461    0.5913    0.3765
    0.9510    0.5943    0.3785
    0.9559    0.5974    0.3804
    0.9608    0.6005    0.3824
    0.9657    0.6035    0.3843
    0.9706    0.6066    0.3863
    0.9755    0.6096    0.3882
    0.9804    0.6127    0.3902
    0.9853    0.6158    0.3921
    0.9902    0.6188    0.3941
    0.9951    0.6219    0.3960
    1.0000    0.6250    0.3980
    1.0000    0.6280    0.4000
    1.0000    0.6311    0.4019
    1.0000    0.6342    0.4039
    1.0000    0.6372    0.4058
    1.0000    0.6403    0.4078
    1.0000    0.6433    0.4097
    1.0000    0.6464    0.4117
    1.0000    0.6495    0.4136
    1.0000    0.6525    0.4156
    1.0000    0.6556    0.4175
    1.0000    0.6587    0.4195
    1.0000    0.6617    0.4214
    1.0000    0.6648    0.4234
    1.0000    0.6678    0.4253
    1.0000    0.6709    0.4273
    1.0000    0.6740    0.4292
    1.0000    0.6770    0.4312
    1.0000    0.6801    0.4331
    1.0000    0.6832    0.4351
    1.0000    0.6862    0.4370
    1.0000    0.6893    0.4390
    1.0000    0.6924    0.4409
    1.0000    0.6954    0.4429
    1.0000    0.6985    0.4448
    1.0000    0.7015    0.4468
    1.0000    0.7046    0.4487
    1.0000    0.7077    0.4507
    1.0000    0.7107    0.4526
    1.0000    0.7138    0.4546
    1.0000    0.7169    0.4565
    1.0000    0.7199    0.4585
    1.0000    0.7230    0.4604
    1.0000    0.7261    0.4624
    1.0000    0.7291    0.4643
    1.0000    0.7322    0.4663
    1.0000    0.7352    0.4682
    1.0000    0.7383    0.4702
    1.0000    0.7414    0.4721
    1.0000    0.7444    0.4741
    1.0000    0.7475    0.4760
    1.0000    0.7506    0.4780
    1.0000    0.7536    0.4799
    1.0000    0.7567    0.4819
    1.0000    0.7598    0.4838
    1.0000    0.7628    0.4858
    1.0000    0.7659    0.4877
    1.0000    0.7689    0.4897
    1.0000    0.7720    0.4916
    1.0000    0.7751    0.4936
    1.0000    0.7781    0.4955
    1.0000    0.7812    0.4975

HOT
    0.0104         0         0
    0.0208         0         0
    0.0313         0         0
    0.0417         0         0
    0.0521         0         0
    0.0625         0         0
    0.0729         0         0
    0.0833         0         0
    0.0938         0         0
    0.1042         0         0
    0.1146         0         0
    0.1250         0         0
    0.1354         0         0
    0.1458         0         0
    0.1563         0         0
    0.1667         0         0
    0.1771         0         0
    0.1875         0         0
    0.1979         0         0
    0.2083         0         0
    0.2188         0         0
    0.2292         0         0
    0.2396         0         0
    0.2500         0         0
    0.2604         0         0
    0.2708         0         0
    0.2813         0         0
    0.2917         0         0
    0.3021         0         0
    0.3125         0         0
    0.3229         0         0
    0.3333         0         0
    0.3438         0         0
    0.3542         0         0
    0.3646         0         0
    0.3750         0         0
    0.3854         0         0
    0.3958         0         0
    0.4063         0         0
    0.4167         0         0
    0.4271         0         0
    0.4375         0         0
    0.4479         0         0
    0.4583         0         0
    0.4688         0         0
    0.4792         0         0
    0.4896         0         0
    0.5000         0         0
    0.5104         0         0
    0.5208         0         0
    0.5313         0         0
    0.5417         0         0
    0.5521         0         0
    0.5625         0         0
    0.5729         0         0
    0.5833         0         0
    0.5938         0         0
    0.6042         0         0
    0.6146         0         0
    0.6250         0         0
    0.6354         0         0
    0.6458         0         0
    0.6563         0         0
    0.6667         0         0
    0.6771         0         0
    0.6875         0         0
    0.6979         0         0
    0.7083         0         0
    0.7188         0         0
    0.7292         0         0
    0.7396         0         0
    0.7500         0         0
    0.7604         0         0
    0.7708         0         0
    0.7813         0         0
    0.7917         0         0
    0.8021         0         0
    0.8125         0         0
    0.8229         0         0
    0.8333         0         0
    0.8438         0         0
    0.8542         0         0
    0.8646         0         0
    0.8750         0         0
    0.8854         0         0
    0.8958         0         0
    0.9063         0         0
    0.9167         0         0
    0.9271         0         0
    0.9375         0         0
    0.9479         0         0
    0.9583         0         0
    0.9688         0         0
    0.9792         0         0
    0.9896         0         0
    1.0000         0         0
    1.0000    0.0104         0
    1.0000    0.0208         0
    1.0000    0.0313         0
    1.0000    0.0417         0
    1.0000    0.0521         0
    1.0000    0.0625         0
    1.0000    0.0729         0
    1.0000    0.0833         0
    1.0000    0.0938         0
    1.0000    0.1042         0
    1.0000    0.1146         0
    1.0000    0.1250         0
    1.0000    0.1354         0
    1.0000    0.1458         0
    1.0000    0.1563         0
    1.0000    0.1667         0
    1.0000    0.1771         0
    1.0000    0.1875         0
    1.0000    0.1979         0
    1.0000    0.2083         0
    1.0000    0.2188         0
    1.0000    0.2292         0
    1.0000    0.2396         0
    1.0000    0.2500         0
    1.0000    0.2604         0
    1.0000    0.2708         0
    1.0000    0.2813         0
    1.0000    0.2917         0
    1.0000    0.3021         0
    1.0000    0.3125         0
    1.0000    0.3229         0
    1.0000    0.3333         0
    1.0000    0.3438         0
    1.0000    0.3542         0
    1.0000    0.3646         0
    1.0000    0.3750         0
    1.0000    0.3854         0
    1.0000    0.3958         0
    1.0000    0.4063         0
    1.0000    0.4167         0
    1.0000    0.4271         0
    1.0000    0.4375         0
    1.0000    0.4479         0
    1.0000    0.4583         0
    1.0000    0.4688         0
    1.0000    0.4792         0
    1.0000    0.4896         0
    1.0000    0.5000         0
    1.0000    0.5104         0
    1.0000    0.5208         0
    1.0000    0.5313         0
    1.0000    0.5417         0
    1.0000    0.5521         0
    1.0000    0.5625         0
    1.0000    0.5729         0
    1.0000    0.5833         0
    1.0000    0.5938         0
    1.0000    0.6042         0
    1.0000    0.6146         0
    1.0000    0.6250         0
    1.0000    0.6354         0
    1.0000    0.6458         0
    1.0000    0.6563         0
    1.0000    0.6667         0
    1.0000    0.6771         0
    1.0000    0.6875         0
    1.0000    0.6979         0
    1.0000    0.7083         0
    1.0000    0.7188         0
    1.0000    0.7292         0
    1.0000    0.7396         0
    1.0000    0.7500         0
    1.0000    0.7604         0
    1.0000    0.7708         0
    1.0000    0.7813         0
    1.0000    0.7917         0
    1.0000    0.8021         0
    1.0000    0.8125         0
    1.0000    0.8229         0
    1.0000    0.8333         0
    1.0000    0.8438         0
    1.0000    0.8542         0
    1.0000    0.8646         0
    1.0000    0.8750         0
    1.0000    0.8854         0
    1.0000    0.8958         0
    1.0000    0.9063         0
    1.0000    0.9167         0
    1.0000    0.9271         0
    1.0000    0.9375         0
    1.0000    0.9479         0
    1.0000    0.9583         0
    1.0000    0.9688         0
    1.0000    0.9792         0
    1.0000    0.9896         0
    1.0000    1.0000         0
    1.0000    1.0000    0.0156
    1.0000    1.0000    0.0313
    1.0000    1.0000    0.0469
    1.0000    1.0000    0.0625
    1.0000    1.0000    0.0781
    1.0000    1.0000    0.0938
    1.0000    1.0000    0.1094
    1.0000    1.0000    0.1250
    1.0000    1.0000    0.1406
    1.0000    1.0000    0.1563
    1.0000    1.0000    0.1719
    1.0000    1.0000    0.1875
    1.0000    1.0000    0.2031
    1.0000    1.0000    0.2188
    1.0000    1.0000    0.2344
    1.0000    1.0000    0.2500
    1.0000    1.0000    0.2656
    1.0000    1.0000    0.2813
    1.0000    1.0000    0.2969
    1.0000    1.0000    0.3125
    1.0000    1.0000    0.3281
    1.0000    1.0000    0.3438
    1.0000    1.0000    0.3594
    1.0000    1.0000    0.3750
    1.0000    1.0000    0.3906
    1.0000    1.0000    0.4063
    1.0000    1.0000    0.4219
    1.0000    1.0000    0.4375
    1.0000    1.0000    0.4531
    1.0000    1.0000    0.4688
    1.0000    1.0000    0.4844
    1.0000    1.0000    0.5000
    1.0000    1.0000    0.5156
    1.0000    1.0000    0.5313
    1.0000    1.0000    0.5469
    1.0000    1.0000    0.5625
    1.0000    1.0000    0.5781
    1.0000    1.0000    0.5938
    1.0000    1.0000    0.6094
    1.0000    1.0000    0.6250
    1.0000    1.0000    0.6406
    1.0000    1.0000    0.6563
    1.0000    1.0000    0.6719
    1.0000    1.0000    0.6875
    1.0000    1.0000    0.7031
    1.0000    1.0000    0.7188
    1.0000    1.0000    0.7344
    1.0000    1.0000    0.7500
    1.0000    1.0000    0.7656
    1.0000    1.0000    0.7813
    1.0000    1.0000    0.7969
    1.0000    1.0000    0.8125
    1.0000    1.0000    0.8281
    1.0000    1.0000    0.8438
    1.0000    1.0000    0.8594
    1.0000    1.0000    0.8750
    1.0000    1.0000    0.8906
    1.0000    1.0000    0.9063
    1.0000    1.0000    0.9219
    1.0000    1.0000    0.9375
    1.0000    1.0000    0.9531
    1.0000    1.0000    0.9688
    1.0000    1.0000    0.9844
    1.0000    1.0000    1.0000

FEBLACK
1	1	1
0.996078431	0.996078431	0.996078431
0.992156863	0.992156863	0.992156863
0.988235294	0.988235294	0.988235294
0.984313725	0.984313725	0.984313725
0.980392157	0.980392157	0.980392157
0.976470588	0.976470588	0.976470588
0.97254902	0.97254902	0.97254902
0.968627451	0.968627451	0.968627451
0.964705882	0.964705882	0.964705882
0.960784314	0.960784314	0.960784314
0.956862745	0.956862745	0.956862745
0.952941176	0.952941176	0.952941176
0.949019608	0.949019608	0.949019608
0.945098039	0.945098039	0.945098039
0.941176471	0.941176471	0.941176471
0.937254902	0.937254902	0.937254902
0.933333333	0.933333333	0.933333333
0.929411765	0.929411765	0.929411765
0.925490196	0.925490196	0.925490196
0.921568627	0.921568627	0.921568627
0.917647059	0.917647059	0.917647059
0.91372549	0.91372549	0.91372549
0.909803922	0.909803922	0.909803922
0.905882353	0.905882353	0.905882353
0.901960784	0.901960784	0.901960784
0.898039216	0.898039216	0.898039216
0.894117647	0.894117647	0.894117647
0.890196078	0.890196078	0.890196078
0.88627451	0.88627451	0.88627451
0.882352941	0.882352941	0.882352941
0.878431373	0.878431373	0.878431373
0.874509804	0.874509804	0.874509804
0.870588235	0.870588235	0.870588235
0.866666667	0.866666667	0.866666667
0.862745098	0.862745098	0.862745098
0.858823529	0.858823529	0.858823529
0.854901961	0.854901961	0.854901961
0.850980392	0.850980392	0.850980392
0.847058824	0.847058824	0.847058824
0.843137255	0.843137255	0.843137255
0.839215686	0.839215686	0.839215686
0.835294118	0.835294118	0.835294118
0.831372549	0.831372549	0.831372549
0.82745098	0.82745098	0.82745098
0.823529412	0.823529412	0.823529412
0.819607843	0.819607843	0.819607843
0.815686275	0.815686275	0.815686275
0.811764706	0.811764706	0.811764706
0.807843137	0.807843137	0.807843137
0.803921569	0.803921569	0.803921569
0.8	0.8	0.8
0.796078431	0.796078431	0.796078431
0.792156863	0.792156863	0.792156863
0.788235294	0.788235294	0.788235294
0.784313725	0.784313725	0.784313725
0.780392157	0.780392157	0.780392157
0.776470588	0.776470588	0.776470588
0.77254902	0.77254902	0.77254902
0.768627451	0.768627451	0.768627451
0.764705882	0.764705882	0.764705882
0.760784314	0.760784314	0.760784314
0.756862745	0.756862745	0.756862745
0.752941176	0.752941176	0.752941176
0.749019608	0.749019608	0.749019608
0.745098039	0.745098039	0.745098039
0.741176471	0.741176471	0.741176471
0.737254902	0.737254902	0.737254902
0.733333333	0.733333333	0.733333333
0.729411765	0.729411765	0.729411765
0.725490196	0.725490196	0.725490196
0.721568627	0.721568627	0.721568627
0.717647059	0.717647059	0.717647059
0.71372549	0.71372549	0.71372549
0.709803922	0.709803922	0.709803922
0.705882353	0.705882353	0.705882353
0.701960784	0.701960784	0.701960784
0.698039216	0.698039216	0.698039216
0.694117647	0.694117647	0.694117647
0.690196078	0.690196078	0.690196078
0.68627451	0.68627451	0.68627451
0.682352941	0.682352941	0.682352941
0.678431373	0.678431373	0.678431373
0.674509804	0.674509804	0.674509804
0.670588235	0.670588235	0.670588235
0.666666667	0.666666667	0.666666667
0.662745098	0.662745098	0.662745098
0.658823529	0.658823529	0.658823529
0.654901961	0.654901961	0.654901961
0.650980392	0.650980392	0.650980392
0.647058824	0.647058824	0.647058824
0.643137255	0.643137255	0.643137255
0.639215686	0.639215686	0.639215686
0.635294118	0.635294118	0.635294118
0.631372549	0.631372549	0.631372549
0.62745098	0.62745098	0.62745098
0.623529412	0.623529412	0.623529412
0.619607843	0.619607843	0.619607843
0.615686275	0.615686275	0.615686275
0.611764706	0.611764706	0.611764706
0.607843137	0.607843137	0.607843137
0.603921569	0.603921569	0.603921569
0.6	0.6	0.6
0.596078431	0.596078431	0.596078431
0.592156863	0.592156863	0.592156863
0.588235294	0.588235294	0.588235294
0.584313725	0.584313725	0.584313725
0.580392157	0.580392157	0.580392157
0.576470588	0.576470588	0.576470588
0.57254902	0.57254902	0.57254902
0.568627451	0.568627451	0.568627451
0.564705882	0.564705882	0.564705882
0.560784314	0.560784314	0.560784314
0.556862745	0.556862745	0.556862745
0.552941176	0.552941176	0.552941176
0.549019608	0.549019608	0.549019608
0.545098039	0.545098039	0.545098039
0.541176471	0.541176471	0.541176471
0.537254902	0.537254902	0.537254902
0.533333333	0.533333333	0.533333333
0.529411765	0.529411765	0.529411765
0.525490196	0.525490196	0.525490196
0.521568627	0.521568627	0.521568627
0.517647059	0.517647059	0.517647059
0.51372549	0.51372549	0.51372549
0.509803922	0.509803922	0.509803922
0.505882353	0.505882353	0.505882353
0.501960784	0.501960784	0.501960784
0.498039216	0.498039216	0.498039216
0.494117647	0.494117647	0.494117647
0.490196078	0.490196078	0.490196078
0.48627451	0.48627451	0.48627451
0.482352941	0.482352941	0.482352941
0.478431373	0.478431373	0.478431373
0.474509804	0.474509804	0.474509804
0.470588235	0.470588235	0.470588235
0.466666667	0.466666667	0.466666667
0.462745098	0.462745098	0.462745098
0.458823529	0.458823529	0.458823529
0.454901961	0.454901961	0.454901961
0.450980392	0.450980392	0.450980392
0.447058824	0.447058824	0.447058824
0.443137255	0.443137255	0.443137255
0.439215686	0.439215686	0.439215686
0.435294118	0.435294118	0.435294118
0.431372549	0.431372549	0.431372549
0.42745098	0.42745098	0.42745098
0.423529412	0.423529412	0.423529412
0.419607843	0.419607843	0.419607843
0.415686275	0.415686275	0.415686275
0.411764706	0.411764706	0.411764706
0.407843137	0.407843137	0.407843137
0.403921569	0.403921569	0.403921569
0.4	0.4	0.4
0.396078431	0.396078431	0.396078431
0.392156863	0.392156863	0.392156863
0.388235294	0.388235294	0.388235294
0.384313725	0.384313725	0.384313725
0.380392157	0.380392157	0.380392157
0.376470588	0.376470588	0.376470588
0.37254902	0.37254902	0.37254902
0.368627451	0.368627451	0.368627451
0.364705882	0.364705882	0.364705882
0.360784314	0.360784314	0.360784314
0.356862745	0.356862745	0.356862745
0.352941176	0.352941176	0.352941176
0.349019608	0.349019608	0.349019608
0.345098039	0.345098039	0.345098039
0.341176471	0.341176471	0.341176471
0.337254902	0.337254902	0.337254902
0.333333333	0.333333333	0.333333333
0.329411765	0.329411765	0.329411765
0.325490196	0.325490196	0.325490196
0.321568627	0.321568627	0.321568627
0.317647059	0.317647059	0.317647059
0.31372549	0.31372549	0.31372549
0.309803922	0.309803922	0.309803922
0.305882353	0.305882353	0.305882353
0.301960784	0.301960784	0.301960784
0.298039216	0.298039216	0.298039216
0.294117647	0.294117647	0.294117647
0.290196078	0.290196078	0.290196078
0.28627451	0.28627451	0.28627451
0.282352941	0.282352941	0.282352941
0.278431373	0.278431373	0.278431373
0.274509804	0.274509804	0.274509804
0.270588235	0.270588235	0.270588235
0.266666667	0.266666667	0.266666667
0.262745098	0.262745098	0.262745098
0.258823529	0.258823529	0.258823529
0.254901961	0.254901961	0.254901961
0.250980392	0.250980392	0.250980392
0.247058824	0.247058824	0.247058824
0.243137255	0.243137255	0.243137255
0.239215686	0.239215686	0.239215686
0.235294118	0.235294118	0.235294118
0.231372549	0.231372549	0.231372549
0.22745098	0.22745098	0.22745098
0.223529412	0.223529412	0.223529412
0.219607843	0.219607843	0.219607843
0.215686275	0.215686275	0.215686275
0.211764706	0.211764706	0.211764706
0.207843137	0.207843137	0.207843137
0.203921569	0.203921569	0.203921569
0.2	0.2	0.2
0.196078431	0.196078431	0.196078431
0.192156863	0.192156863	0.192156863
0.188235294	0.188235294	0.188235294
0.184313725	0.184313725	0.184313725
0.180392157	0.180392157	0.180392157
0.176470588	0.176470588	0.176470588
0.17254902	0.17254902	0.17254902
0.168627451	0.168627451	0.168627451
0.164705882	0.164705882	0.164705882
0.160784314	0.160784314	0.160784314
0.156862745	0.156862745	0.156862745
0.152941176	0.152941176	0.152941176
0.149019608	0.149019608	0.149019608
0.145098039	0.145098039	0.145098039
0.141176471	0.141176471	0.141176471
0.137254902	0.137254902	0.137254902
0.133333333	0.133333333	0.133333333
0.129411765	0.129411765	0.129411765
0.125490196	0.125490196	0.125490196
0.121568627	0.121568627	0.121568627
0.117647059	0.117647059	0.117647059
0.11372549	0.11372549	0.11372549
0.109803922	0.109803922	0.109803922
0.105882353	0.105882353	0.105882353
0.101960784	0.101960784	0.101960784
0.098039216	0.098039216	0.098039216
0.094117647	0.094117647	0.094117647
0.090196078	0.090196078	0.090196078
0.08627451	0.08627451	0.08627451
0.082352941	0.082352941	0.082352941
0.078431373	0.078431373	0.078431373
0.074509804	0.074509804	0.074509804
0.070588235	0.070588235	0.070588235
0.066666667	0.066666667	0.066666667
0.062745098	0.062745098	0.062745098
0.058823529	0.058823529	0.058823529
0.054901961	0.054901961	0.054901961
0.050980392	0.050980392	0.050980392
0.047058824	0.047058824	0.047058824
0.043137255	0.043137255	0.043137255
0.039215686	0.039215686	0.039215686
0.035294118	0.035294118	0.035294118
0.031372549	0.031372549	0.031372549
0.02745098	0.02745098	0.02745098
0.023529412	0.023529412	0.023529412
0.019607843	0.019607843	0.019607843
0.015686275	0.015686275	0.015686275
0.011764706	0.011764706	0.011764706
0.007843137	0.007843137	0.007843137
0.003921569	0.003921569	0.003921569
0	0	0

FERED
1	1	1
0.998216071	0.997139562	0.996078431
0.996432141	0.994279123	0.992156863
0.994648212	0.991418685	0.988235294
0.992864283	0.988558247	0.984313725
0.991080354	0.985697809	0.980392157
0.989296424	0.98283737	0.976470588
0.987512495	0.979976932	0.97254902
0.985728566	0.977116494	0.968627451
0.983944637	0.974256055	0.964705882
0.982160707	0.971395617	0.960784314
0.980376778	0.968535179	0.956862745
0.978592849	0.96567474	0.952941176
0.97680892	0.962814302	0.949019608
0.97502499	0.959953864	0.945098039
0.973241061	0.957093426	0.941176471
0.971457132	0.954232987	0.937254902
0.969673203	0.951372549	0.933333333
0.967889273	0.948512111	0.929411765
0.966105344	0.945651672	0.925490196
0.964321415	0.942791234	0.921568627
0.962537486	0.939930796	0.917647059
0.960753556	0.937070358	0.91372549
0.958969627	0.934209919	0.909803922
0.957185698	0.931349481	0.905882353
0.955401769	0.928489043	0.901960784
0.953617839	0.925628604	0.898039216
0.95183391	0.922768166	0.894117647
0.950049981	0.919907728	0.890196078
0.948266052	0.91704729	0.88627451
0.946482122	0.914186851	0.882352941
0.944698193	0.911326413	0.878431373
0.942914264	0.908465975	0.874509804
0.941130334	0.905605536	0.870588235
0.939346405	0.902745098	0.866666667
0.937562476	0.89988466	0.862745098
0.935778547	0.897024221	0.858823529
0.933994617	0.894163783	0.854901961
0.932210688	0.891303345	0.850980392
0.930426759	0.888442907	0.847058824
0.92864283	0.885582468	0.843137255
0.9268589	0.88272203	0.839215686
0.925074971	0.879861592	0.835294118
0.923291042	0.877001153	0.831372549
0.921507113	0.874140715	0.82745098
0.919723183	0.871280277	0.823529412
0.917939254	0.868419839	0.819607843
0.916155325	0.8655594	0.815686275
0.914371396	0.862698962	0.811764706
0.912587466	0.859838524	0.807843137
0.910803537	0.856978085	0.803921569
0.909019608	0.854117647	0.8
0.907235679	0.851257209	0.796078431
0.905451749	0.84839677	0.792156863
0.90366782	0.845536332	0.788235294
0.901883891	0.842675894	0.784313725
0.900099962	0.839815456	0.780392157
0.898316032	0.836955017	0.776470588
0.896532103	0.834094579	0.77254902
0.894748174	0.831234141	0.768627451
0.892964245	0.828373702	0.764705882
0.891180315	0.825513264	0.760784314
0.889396386	0.822652826	0.756862745
0.887612457	0.819792388	0.752941176
0.885828527	0.816931949	0.749019608
0.884044598	0.814071511	0.745098039
0.882260669	0.811211073	0.741176471
0.88047674	0.808350634	0.737254902
0.87869281	0.805490196	0.733333333
0.876908881	0.802629758	0.729411765
0.875124952	0.799769319	0.725490196
0.873341023	0.796908881	0.721568627
0.871557093	0.794048443	0.717647059
0.869773164	0.791188005	0.71372549
0.867989235	0.788327566	0.709803922
0.866205306	0.785467128	0.705882353
0.864421376	0.78260669	0.701960784
0.862637447	0.779746251	0.698039216
0.860853518	0.776885813	0.694117647
0.859069589	0.774025375	0.690196078
0.857285659	0.771164937	0.68627451
0.85550173	0.768304498	0.682352941
0.853717801	0.76544406	0.678431373
0.851933872	0.762583622	0.674509804
0.850149942	0.759723183	0.670588235
0.848366013	0.756862745	0.666666667
0.846582084	0.754002307	0.662745098
0.844798155	0.751141869	0.658823529
0.843014225	0.74828143	0.654901961
0.841230296	0.745420992	0.650980392
0.839446367	0.742560554	0.647058824
0.837662438	0.739700115	0.643137255
0.835878508	0.736839677	0.639215686
0.834094579	0.733979239	0.635294118
0.83231065	0.7311188	0.631372549
0.83052672	0.728258362	0.62745098
0.828742791	0.725397924	0.623529412
0.826958862	0.722537486	0.619607843
0.825174933	0.719677047	0.615686275
0.823391003	0.716816609	0.611764706
0.821607074	0.713956171	0.607843137
0.819823145	0.711095732	0.603921569
0.818039216	0.708235294	0.6
0.816255286	0.705374856	0.596078431
0.814471357	0.702514418	0.592156863
0.812687428	0.699653979	0.588235294
0.810903499	0.696793541	0.584313725
0.809119569	0.693933103	0.580392157
0.80733564	0.691072664	0.576470588
0.805551711	0.688212226	0.57254902
0.803767782	0.685351788	0.568627451
0.801983852	0.682491349	0.564705882
0.800199923	0.679630911	0.560784314
0.798415994	0.676770473	0.556862745
0.796632065	0.673910035	0.552941176
0.794848135	0.671049596	0.549019608
0.793064206	0.668189158	0.545098039
0.791280277	0.66532872	0.541176471
0.789496348	0.662468281	0.537254902
0.787712418	0.659607843	0.533333333
0.785928489	0.656747405	0.529411765
0.78414456	0.653886967	0.525490196
0.782360631	0.651026528	0.521568627
0.780576701	0.64816609	0.517647059
0.778792772	0.645305652	0.51372549
0.777008843	0.642445213	0.509803922
0.775224913	0.639584775	0.505882353
0.773440984	0.636724337	0.501960784
0.771657055	0.633863899	0.498039216
0.769873126	0.63100346	0.494117647
0.768089196	0.628143022	0.490196078
0.766305267	0.625282584	0.48627451
0.764521338	0.622422145	0.482352941
0.762737409	0.619561707	0.478431373
0.760953479	0.616701269	0.474509804
0.75916955	0.61384083	0.470588235
0.757385621	0.610980392	0.466666667
0.755601692	0.608119954	0.462745098
0.753817762	0.605259516	0.458823529
0.752033833	0.602399077	0.454901961
0.750249904	0.599538639	0.450980392
0.748465975	0.596678201	0.447058824
0.746682045	0.593817762	0.443137255
0.744898116	0.590957324	0.439215686
0.743114187	0.588096886	0.435294118
0.741330258	0.585236448	0.431372549
0.739546328	0.582376009	0.42745098
0.737762399	0.579515571	0.423529412
0.73597847	0.576655133	0.419607843
0.734194541	0.573794694	0.415686275
0.732410611	0.570934256	0.411764706
0.730626682	0.568073818	0.407843137
0.728842753	0.565213379	0.403921569
0.727058824	0.562352941	0.4
0.725274894	0.559492503	0.396078431
0.723490965	0.556632065	0.392156863
0.721707036	0.553771626	0.388235294
0.719923106	0.550911188	0.384313725
0.718139177	0.54805075	0.380392157
0.716355248	0.545190311	0.376470588
0.714571319	0.542329873	0.37254902
0.712787389	0.539469435	0.368627451
0.71100346	0.536608997	0.364705882
0.709219531	0.533748558	0.360784314
0.707435602	0.53088812	0.356862745
0.705651672	0.528027682	0.352941176
0.703867743	0.525167243	0.349019608
0.702083814	0.522306805	0.345098039
0.700299885	0.519446367	0.341176471
0.698515955	0.516585928	0.337254902
0.696732026	0.51372549	0.333333333
0.694948097	0.510865052	0.329411765
0.693164168	0.508004614	0.325490196
0.691380238	0.505144175	0.321568627
0.689596309	0.502283737	0.317647059
0.68781238	0.499423299	0.31372549
0.686028451	0.49656286	0.309803922
0.684244521	0.493702422	0.305882353
0.682460592	0.490841984	0.301960784
0.680676663	0.487981546	0.298039216
0.678892734	0.485121107	0.294117647
0.677108804	0.482260669	0.290196078
0.675324875	0.479400231	0.28627451
0.673540946	0.476539792	0.282352941
0.671757017	0.473679354	0.278431373
0.669973087	0.470818916	0.274509804
0.668189158	0.467958478	0.270588235
0.666405229	0.465098039	0.266666667
0.6646213	0.462237601	0.262745098
0.66283737	0.459377163	0.258823529
0.661053441	0.456516724	0.254901961
0.659269512	0.453656286	0.250980392
0.657485582	0.450795848	0.247058824
0.655701653	0.447935409	0.243137255
0.653917724	0.445074971	0.239215686
0.652133795	0.442214533	0.235294118
0.650349865	0.439354095	0.231372549
0.648565936	0.436493656	0.22745098
0.646782007	0.433633218	0.223529412
0.644998078	0.43077278	0.219607843
0.643214148	0.427912341	0.215686275
0.641430219	0.425051903	0.211764706
0.63964629	0.422191465	0.207843137
0.637862361	0.419331027	0.203921569
0.636078431	0.416470588	0.2
0.634294502	0.41361015	0.196078431
0.632510573	0.410749712	0.192156863
0.630726644	0.407889273	0.188235294
0.628942714	0.405028835	0.184313725
0.627158785	0.402168397	0.180392157
0.625374856	0.399307958	0.176470588
0.623590927	0.39644752	0.17254902
0.621806997	0.393587082	0.168627451
0.620023068	0.390726644	0.164705882
0.618239139	0.387866205	0.160784314
0.61645521	0.385005767	0.156862745
0.61467128	0.382145329	0.152941176
0.612887351	0.37928489	0.149019608
0.611103422	0.376424452	0.145098039
0.609319493	0.373564014	0.141176471
0.607535563	0.370703576	0.137254902
0.605751634	0.367843137	0.133333333
0.603967705	0.364982699	0.129411765
0.602183775	0.362122261	0.125490196
0.600399846	0.359261822	0.121568627
0.598615917	0.356401384	0.117647059
0.596831988	0.353540946	0.11372549
0.595048058	0.350680507	0.109803922
0.593264129	0.347820069	0.105882353
0.5914802	0.344959631	0.101960784
0.589696271	0.342099193	0.098039216
0.587912341	0.339238754	0.094117647
0.586128412	0.336378316	0.090196078
0.584344483	0.333517878	0.08627451
0.582560554	0.330657439	0.082352941
0.580776624	0.327797001	0.078431373
0.578992695	0.324936563	0.074509804
0.577208766	0.322076125	0.070588235
0.575424837	0.319215686	0.066666667
0.573640907	0.316355248	0.062745098
0.571856978	0.31349481	0.058823529
0.570073049	0.310634371	0.054901961
0.56828912	0.307773933	0.050980392
0.56650519	0.304913495	0.047058824
0.564721261	0.302053057	0.043137255
0.562937332	0.299192618	0.039215686
0.561153403	0.29633218	0.035294118
0.559369473	0.293471742	0.031372549
0.557585544	0.290611303	0.02745098
0.555801615	0.287750865	0.023529412
0.554017686	0.284890427	0.019607843
0.552233756	0.282029988	0.015686275
0.550449827	0.27916955	0.011764706
0.548665898	0.276309112	0.007843137
0.546881968	0.273448674	0.003921569
0.545098039	0.270588235	0

FEFE
1	1	1
0.999231065	0.998738947	0.996078431
0.99846213	0.997477893	0.992156863
0.997693195	0.99621684	0.988235294
0.99692426	0.994955786	0.984313725
0.996155325	0.993694733	0.980392157
0.99538639	0.992433679	0.976470588
0.994617455	0.991172626	0.97254902
0.99384852	0.989911572	0.968627451
0.993079585	0.988650519	0.964705882
0.99231065	0.987389466	0.960784314
0.991541715	0.986128412	0.956862745
0.99077278	0.984867359	0.952941176
0.990003845	0.983606305	0.949019608
0.98923491	0.982345252	0.945098039
0.988465975	0.981084198	0.941176471
0.98769704	0.979823145	0.937254902
0.986928105	0.978562092	0.933333333
0.98615917	0.977301038	0.929411765
0.985390235	0.976039985	0.925490196
0.9846213	0.974778931	0.921568627
0.983852364	0.973517878	0.917647059
0.983083429	0.972256824	0.91372549
0.982314494	0.970995771	0.909803922
0.981545559	0.969734717	0.905882353
0.980776624	0.968473664	0.901960784
0.980007689	0.967212611	0.898039216
0.979238754	0.965951557	0.894117647
0.978469819	0.964690504	0.890196078
0.977700884	0.96342945	0.88627451
0.976931949	0.962168397	0.882352941
0.976163014	0.960907343	0.878431373
0.975394079	0.95964629	0.874509804
0.974625144	0.958385236	0.870588235
0.973856209	0.957124183	0.866666667
0.973087274	0.95586313	0.862745098
0.972318339	0.954602076	0.858823529
0.971549404	0.953341023	0.854901961
0.970780469	0.952079969	0.850980392
0.970011534	0.950818916	0.847058824
0.969242599	0.949557862	0.843137255
0.968473664	0.948296809	0.839215686
0.967704729	0.947035755	0.835294118
0.966935794	0.945774702	0.831372549
0.966166859	0.944513649	0.82745098
0.965397924	0.943252595	0.823529412
0.964628989	0.941991542	0.819607843
0.963860054	0.940730488	0.815686275
0.963091119	0.939469435	0.811764706
0.962322184	0.938208381	0.807843137
0.961553249	0.936947328	0.803921569
0.960784314	0.935686275	0.8
0.960015379	0.934425221	0.796078431
0.959246444	0.933164168	0.792156863
0.958477509	0.931903114	0.788235294
0.957708574	0.930642061	0.784313725
0.956939639	0.929381007	0.780392157
0.956170704	0.928119954	0.776470588
0.955401769	0.9268589	0.77254902
0.954632834	0.925597847	0.768627451
0.953863899	0.924336794	0.764705882
0.953094963	0.92307574	0.760784314
0.952326028	0.921814687	0.756862745
0.951557093	0.920553633	0.752941176
0.950788158	0.91929258	0.749019608
0.950019223	0.918031526	0.745098039
0.949250288	0.916770473	0.741176471
0.948481353	0.915509419	0.737254902
0.947712418	0.914248366	0.733333333
0.946943483	0.912987313	0.729411765
0.946174548	0.911726259	0.725490196
0.945405613	0.910465206	0.721568627
0.944636678	0.909204152	0.717647059
0.943867743	0.907943099	0.71372549
0.943098808	0.906682045	0.709803922
0.942329873	0.905420992	0.705882353
0.941560938	0.904159938	0.701960784
0.940792003	0.902898885	0.698039216
0.940023068	0.901637832	0.694117647
0.939254133	0.900376778	0.690196078
0.938485198	0.899115725	0.68627451
0.937716263	0.897854671	0.682352941
0.936947328	0.896593618	0.678431373
0.936178393	0.895332564	0.674509804
0.935409458	0.894071511	0.670588235
0.934640523	0.892810458	0.666666667
0.933871588	0.891549404	0.662745098
0.933102653	0.890288351	0.658823529
0.932333718	0.889027297	0.654901961
0.931564783	0.887766244	0.650980392
0.930795848	0.88650519	0.647058824
0.930026913	0.885244137	0.643137255
0.929257978	0.883983083	0.639215686
0.928489043	0.88272203	0.635294118
0.927720108	0.881460977	0.631372549
0.926951173	0.880199923	0.62745098
0.926182238	0.87893887	0.623529412
0.925413303	0.877677816	0.619607843
0.924644368	0.876416763	0.615686275
0.923875433	0.875155709	0.611764706
0.923106498	0.873894656	0.607843137
0.922337562	0.872633602	0.603921569
0.921568627	0.871372549	0.6
0.920799692	0.870111496	0.596078431
0.920030757	0.868850442	0.592156863
0.919261822	0.867589389	0.588235294
0.918492887	0.866328335	0.584313725
0.917723952	0.865067282	0.580392157
0.916955017	0.863806228	0.576470588
0.916186082	0.862545175	0.57254902
0.915417147	0.861284121	0.568627451
0.914648212	0.860023068	0.564705882
0.913879277	0.858762015	0.560784314
0.913110342	0.857500961	0.556862745
0.912341407	0.856239908	0.552941176
0.911572472	0.854978854	0.549019608
0.910803537	0.853717801	0.545098039
0.910034602	0.852456747	0.541176471
0.909265667	0.851195694	0.537254902
0.908496732	0.849934641	0.533333333
0.907727797	0.848673587	0.529411765
0.906958862	0.847412534	0.525490196
0.906189927	0.84615148	0.521568627
0.905420992	0.844890427	0.517647059
0.904652057	0.843629373	0.51372549
0.903883122	0.84236832	0.509803922
0.903114187	0.841107266	0.505882353
0.902345252	0.839846213	0.501960784
0.901576317	0.83858516	0.498039216
0.900807382	0.837324106	0.494117647
0.900038447	0.836063053	0.490196078
0.899269512	0.834801999	0.48627451
0.898500577	0.833540946	0.482352941
0.897731642	0.832279892	0.478431373
0.896962707	0.831018839	0.474509804
0.896193772	0.829757785	0.470588235
0.895424837	0.828496732	0.466666667
0.894655902	0.827235679	0.462745098
0.893886967	0.825974625	0.458823529
0.893118032	0.824713572	0.454901961
0.892349097	0.823452518	0.450980392
0.891580161	0.822191465	0.447058824
0.890811226	0.820930411	0.443137255
0.890042291	0.819669358	0.439215686
0.889273356	0.818408304	0.435294118
0.888504421	0.817147251	0.431372549
0.887735486	0.815886198	0.42745098
0.886966551	0.814625144	0.423529412
0.886197616	0.813364091	0.419607843
0.885428681	0.812103037	0.415686275
0.884659746	0.810841984	0.411764706
0.883890811	0.80958093	0.407843137
0.883121876	0.808319877	0.403921569
0.882352941	0.807058824	0.4
0.881584006	0.80579777	0.396078431
0.880815071	0.804536717	0.392156863
0.880046136	0.803275663	0.388235294
0.879277201	0.80201461	0.384313725
0.878508266	0.800753556	0.380392157
0.877739331	0.799492503	0.376470588
0.876970396	0.798231449	0.37254902
0.876201461	0.796970396	0.368627451
0.875432526	0.795709343	0.364705882
0.874663591	0.794448289	0.360784314
0.873894656	0.793187236	0.356862745
0.873125721	0.791926182	0.352941176
0.872356786	0.790665129	0.349019608
0.871587851	0.789404075	0.345098039
0.870818916	0.788143022	0.341176471
0.870049981	0.786881968	0.337254902
0.869281046	0.785620915	0.333333333
0.868512111	0.784359862	0.329411765
0.867743176	0.783098808	0.325490196
0.866974241	0.781837755	0.321568627
0.866205306	0.780576701	0.317647059
0.865436371	0.779315648	0.31372549
0.864667436	0.778054594	0.309803922
0.863898501	0.776793541	0.305882353
0.863129566	0.775532488	0.301960784
0.862360631	0.774271434	0.298039216
0.861591696	0.773010381	0.294117647
0.86082276	0.771749327	0.290196078
0.860053825	0.770488274	0.28627451
0.85928489	0.76922722	0.282352941
0.858515955	0.767966167	0.278431373
0.85774702	0.766705113	0.274509804
0.856978085	0.76544406	0.270588235
0.85620915	0.764183007	0.266666667
0.855440215	0.762921953	0.262745098
0.85467128	0.7616609	0.258823529
0.853902345	0.760399846	0.254901961
0.85313341	0.759138793	0.250980392
0.852364475	0.757877739	0.247058824
0.85159554	0.756616686	0.243137255
0.850826605	0.755355632	0.239215686
0.85005767	0.754094579	0.235294118
0.849288735	0.752833526	0.231372549
0.8485198	0.751572472	0.22745098
0.847750865	0.750311419	0.223529412
0.84698193	0.749050365	0.219607843
0.846212995	0.747789312	0.215686275
0.84544406	0.746528258	0.211764706
0.844675125	0.745267205	0.207843137
0.84390619	0.744006151	0.203921569
0.843137255	0.742745098	0.2
0.84236832	0.741484045	0.196078431
0.841599385	0.740222991	0.192156863
0.84083045	0.738961938	0.188235294
0.840061515	0.737700884	0.184313725
0.83929258	0.736439831	0.180392157
0.838523645	0.735178777	0.176470588
0.83775471	0.733917724	0.17254902
0.836985775	0.732656671	0.168627451
0.83621684	0.731395617	0.164705882
0.835447905	0.730134564	0.160784314
0.83467897	0.72887351	0.156862745
0.833910035	0.727612457	0.152941176
0.8331411	0.726351403	0.149019608
0.832372165	0.72509035	0.145098039
0.83160323	0.723829296	0.141176471
0.830834295	0.722568243	0.137254902
0.830065359	0.72130719	0.133333333
0.829296424	0.720046136	0.129411765
0.828527489	0.718785083	0.125490196
0.827758554	0.717524029	0.121568627
0.826989619	0.716262976	0.117647059
0.826220684	0.715001922	0.11372549
0.825451749	0.713740869	0.109803922
0.824682814	0.712479815	0.105882353
0.823913879	0.711218762	0.101960784
0.823144944	0.709957709	0.098039216
0.822376009	0.708696655	0.094117647
0.821607074	0.707435602	0.090196078
0.820838139	0.706174548	0.08627451
0.820069204	0.704913495	0.082352941
0.819300269	0.703652441	0.078431373
0.818531334	0.702391388	0.074509804
0.817762399	0.701130334	0.070588235
0.816993464	0.699869281	0.066666667
0.816224529	0.698608228	0.062745098
0.815455594	0.697347174	0.058823529
0.814686659	0.696086121	0.054901961
0.813917724	0.694825067	0.050980392
0.813148789	0.693564014	0.047058824
0.812379854	0.69230296	0.043137255
0.811610919	0.691041907	0.039215686
0.810841984	0.689780854	0.035294118
0.810073049	0.6885198	0.031372549
0.809304114	0.687258747	0.02745098
0.808535179	0.685997693	0.023529412
0.807766244	0.68473664	0.019607843
0.806997309	0.683475586	0.015686275
0.806228374	0.682214533	0.011764706
0.805459439	0.680953479	0.007843137
0.804690504	0.679692426	0.003921569
0.803921569	0.678431373	0
